98|46
95|40
74|49
40|16
79|15
46|74
49|66
66|95
16|79

79,95,66,40,16
74,49,66
40,16,79
98,46,74,49,66,95,40
74,49,46
46,74,49,66,95,40,16
98,46,74,49,66,95,40,16,79
66,95,40
40,98,66,95,74,46,16,49,79
46,74,49,66,95,40,16,79,15
49,66,95
49,40,95,66,74
16,79,66,74,40,95,49
66,74,49
79,15,16
74,49,66
49,66,95,40,16
40,16,79,95,66
16,79,95,15,40
16,95,66,40,49
16,95,79,40,66
66,40,95
16,95,49,66,40
49,66,95,40,16
46,95,74,98,40,49,16,79,66
66,49,40,46,95,74,98
40,16,79
49,66,95,40,16
40,16,79
98,46,74,49,66
66,49,95,16,40,74,46
66,95,40,74,16,49,79
46,74,49,66,95,40,16,79,15
95,49,66,74,40,46,16
46,74,49,66,95,40,16
95,40,16,79,15
74,49,66,95,40
16,40,49,95,46,66,74
66,95,49
95,40,16
66,95,40
40,79,16
16,40,79
46,79,49,95,40,16,74,66,15
46,74,49,66,95,40,16,79,15
15,16,79
16,49,79,40,95,66,74
66,40,16,79,95
16,40,79
49,66,95
46,95,40,79,74,49,66,16,15
40,49,79,16,74,66,95
49,74,66
16,79,15
16,74,95,40,79,66,49
40,49,16,66,95
74,49,66,95,40,16,79
15,40,79,95,16
16,40,79
15,16,79
66,95,40,16,79
16,79,15
98,46,74,49,66,95,40
98,46,74,49,66,95,40,16,79
98,46,74,49,66,95,40
16,79,15
40,79,16
40,46,49,98,74,66,95
49,66,95
16,79,15
74,49,66
66,95,40
74,66,49
66,16,74,49,40,79,95
66,40,95
49,66,95,40,16
95,66,49,74,40,98,46
79,16,15
46,74,49,66,95,40,16,79,15
15,40,95,16,79
74,49,66
40,15,95,79,16
16,79,15
66,95,40
95,40,16
98,46,74,49,66,95,40
16,79,15
95,40,16,79,15
16,79,15
40,16,79
16,79,15
40,16,79
98,46,74,49,66
95,16,66,40,49
66,95,40
66,49,95
16,95,40
16,46,40,74,95,49,66
95,15,49,79,40,66,16
15,79,40,16,95
